collaboration = ALICE
sqrts = 2760
trento_args = -x 6.4 -n 14.4 -p 0.0 -k 0.83 -w 0.9
tau_fs = 0.6
vishnew_args = VisHRG=0.5 VisMin=0.06 VisSlope=2.0 VisCurv=0.05 VisBulkMax=0.015 VisBulkWidth=0.02
Tswitch = 0.154
Tc = 0.154
new-table = False
mass = 1.3
N-hvq = 40000
mD-model = 1
mD-Tc = 4.123104298338296
mD-slope = 0.348222968159243
mD-curv = -0.07879416974028519
hvq-mode = LBT
c22 = True
c23 = True
c32 = True
K = 1.0
Lambda = 2.3691178178187613
